player_id,name,win_percentage,passes_attempted,passes_completed,ints,td_passes,passing_yards,rushing_attempts,rushing_yards,passing_yards_per_attempt,completion_percentage,rush-to-pass-ratio,yards_per_carry,td-to-int-ratio,completion-to-int-ratio
a.j.feeley/2504566,A.J. Feeley,42.55,992.0,572.0,36.0,34.0,6155.0,56.0,112.0,6.2,57.66,0.06,2.0,0.94,15.88888888888889
aaronrodgers/2506363,Aaron Rodgers,62.24,5713.0,3722.0,86.0,367.0,45066.0,579.0,3044.0,7.89,65.15,0.1,5.26,4.27,43.27906976744186
ajmccarron/2543497,AJ McCarron,50.0,275.0,176.0,3.0,11.0,1953.0,28.0,74.0,7.1,64.0,0.1,2.64,3.67,58.666666666666664
alexsmith/2506340,Alex Smith,56.22,4788.0,2945.0,108.0,183.0,32196.0,531.0,2491.0,6.72,61.51,0.11,4.69,1.69,27.26851851851852
alextanney/2534870,Alex Tanney,46.67,162.0,105.0,4.0,5.0,1100.0,13.0,28.0,6.79,64.81,0.08,2.15,1.25,26.25
alexvanpelt/2503454,Alex Van Pelt,33.33,525.0,287.0,25.0,17.0,3228.0,38.0,80.0,6.15,54.67,0.07,2.11,0.68,11.48
andreware/2503535,Andre Ware,37.5,170.0,87.0,9.0,5.0,1127.0,41.0,240.0,6.63,51.18,0.24,5.85,0.56,9.666666666666666
andrewluck/2533031,Andrew Luck,56.38,3160.0,1882.0,86.0,156.0,22880.0,327.0,1678.0,7.24,59.56,0.1,5.13,1.81,21.88372093023256
andrewwalter/2506408,Andrew Walter,34.48,476.0,260.0,19.0,5.0,2801.0,30.0,71.0,5.88,54.62,0.06,2.37,0.26,13.68421052631579
andydalton/2495143,Andy Dalton,55.83,3469.0,2161.0,93.0,151.0,24799.0,344.0,1109.0,7.15,62.29,0.1,3.22,1.62,23.236559139784948
anthonydilweg/2512941,Anthony Dilweg,30.0,193.0,102.0,7.0,8.0,1274.0,21.0,114.0,6.6,52.85,0.11,5.43,1.14,14.571428571428571
archiemanning/2520076,Archie Manning,26.0,3620.0,2003.0,171.0,123.0,23702.0,372.0,2126.0,6.55,55.33,0.1,5.72,0.72,11.713450292397662
artschlichter/2525042,Art Schlichter,7.69,202.0,91.0,11.0,3.0,1006.0,22.0,161.0,4.98,45.05,0.11,7.32,0.27,8.272727272727273
babelaufenberg/2519150,Babe Laufenberg,25.0,211.0,93.0,11.0,5.0,1057.0,33.0,126.0,5.01,44.08,0.16,3.82,0.45,8.454545454545455
benroethlisberger/2506109,Ben Roethlisberger,64.73,6892.0,4421.0,191.0,346.0,54603.0,496.0,1485.0,7.92,64.15,0.07,2.99,1.81,23.146596858638745
berniekosar/2501648,Bernie Kosar,50.37,3593.0,2125.0,96.0,140.0,25056.0,195.0,291.0,6.97,59.14,0.05,1.49,1.46,22.135416666666668
billkenney/2518350,Bill Kenney,44.86,2478.0,1345.0,88.0,105.0,17454.0,123.0,191.0,7.04,54.28,0.05,1.55,1.19,15.284090909090908
billnelsen/2522007,Bill Nelsen,53.12,690.0,356.0,45.0,29.0,4720.0,23.0,-29.0,6.84,51.59,0.03,-1.26,0.64,7.911111111111111
billyjoetolliver/2503371,Billy Joe Tolliver,32.91,1707.0,891.0,64.0,59.0,10760.0,99.0,320.0,6.3,52.2,0.06,3.23,0.92,13.921875
billykilmer/2518441,Billy Kilmer,60.4,2181.0,1163.0,94.0,115.0,14749.0,90.0,166.0,6.76,53.32,0.04,1.84,1.22,12.372340425531915
billyvolek/2503939,Billy Volek,55.88,895.0,538.0,22.0,38.0,6068.0,70.0,35.0,6.78,60.11,0.08,0.5,1.73,24.454545454545453
blainegabbert/2495441,Blaine Gabbert,26.98,1478.0,832.0,41.0,47.0,8790.0,172.0,643.0,5.95,56.29,0.12,3.74,1.15,20.29268292682927
blairkiel/2501608,Blair Kiel,24.0,193.0,108.0,7.0,8.0,1296.0,16.0,105.0,6.72,55.96,0.08,6.56,1.14,15.428571428571429
blakebortles/2543477,Blake Bortles,25.0,1851.0,1098.0,51.0,74.0,12465.0,176.0,1147.0,6.73,59.32,0.1,6.52,1.45,21.529411764705884
bobbyscott/2525221,Bobby Scott,24.39,500.0,237.0,28.0,15.0,2781.0,30.0,74.0,5.56,47.4,0.06,2.47,0.54,8.464285714285714
bobdavis/2512622,Bob Davis,43.33,177.0,70.0,11.0,12.0,818.0,29.0,207.0,4.62,39.55,0.16,7.14,1.09,6.363636363636363
bobgagliano/2500736,Bob Gagliano,48.48,486.0,249.0,27.0,17.0,3431.0,93.0,352.0,7.06,51.23,0.19,3.78,0.63,9.222222222222221
boblee/2519294,Bob Lee,69.12,786.0,394.0,43.0,30.0,5337.0,97.0,210.0,6.79,50.13,0.12,2.16,0.7,9.162790697674419
boomeresiason/2500562,Boomer Esiason,46.63,5326.0,3033.0,189.0,251.0,38649.0,467.0,1705.0,7.26,56.95,0.09,3.65,1.33,16.047619047619047
bradjohnson/2501411,Brad Johnson,59.11,4726.0,2911.0,140.0,180.0,31666.0,298.0,699.0,6.7,61.6,0.06,2.35,1.29,20.792857142857144
bradyquinn/2495714,Brady Quinn,32.65,861.0,485.0,25.0,22.0,5088.0,70.0,258.0,5.91,56.33,0.08,3.69,0.88,19.4
brandonweeden/2532970,Brandon Weeden,42.0,1150.0,666.0,35.0,37.0,7700.0,70.0,234.0,6.7,57.91,0.06,3.34,1.06,19.02857142857143
brentpease/2522942,Brent Pease,54.55,135.0,62.0,9.0,3.0,792.0,23.0,31.0,5.87,45.93,0.17,1.35,0.33,6.888888888888889
brettfavre/2500606,Brett Favre,61.78,11242.0,6952.0,373.0,562.0,79688.0,665.0,1934.0,7.09,61.84,0.06,2.91,1.51,18.638069705093834
brettratliff/2507276,Brett Ratliff,57.14,162.0,89.0,9.0,5.0,1042.0,12.0,24.0,6.43,54.94,0.07,2.0,0.56,9.88888888888889
brianhoyer/81294,Brian Hoyer,50.0,1606.0,945.0,38.0,54.0,11309.0,101.0,151.0,7.04,58.84,0.06,1.5,1.42,24.86842105263158
brockosweiler/2533436,Brock Osweiler,68.42,1127.0,679.0,32.0,36.0,7159.0,107.0,349.0,6.35,60.25,0.09,3.26,1.12,21.21875
browningnagle/2502257,Browning Nagle,25.0,437.0,213.0,20.0,8.0,2489.0,26.0,68.0,5.7,48.74,0.06,2.62,0.4,10.65
brucemathison/2520334,Bruce Mathison,22.22,309.0,152.0,20.0,7.0,2177.0,34.0,245.0,7.05,49.19,0.11,7.21,0.35,7.6
brycepetty/2552369,Bryce Petty,30.77,234.0,134.0,8.0,7.0,1550.0,9.0,19.0,6.62,57.26,0.04,2.11,0.88,16.75
buckyrichardson/2502648,Bucky Richardson,37.5,185.0,97.0,6.0,6.0,1257.0,33.0,225.0,6.79,52.43,0.18,6.82,1.0,16.166666666666668
byronleftwich/2505673,Byron Leftwich,53.01,1858.0,1068.0,44.0,67.0,12180.0,155.0,487.0,6.56,57.48,0.08,3.14,1.52,24.272727272727273
calebhanie/2507385,Caleb Hanie,38.71,403.0,226.0,21.0,14.0,2644.0,40.0,231.0,6.56,56.08,0.1,5.78,0.67,10.761904761904763
camnewton/2495455,Cam Newton,53.78,3403.0,1962.0,93.0,153.0,24984.0,775.0,3970.0,7.34,57.66,0.23,5.12,1.65,21.096774193548388
carsonpalmer/2505245,Carson Palmer,48.1,6533.0,4062.0,201.0,305.0,47734.0,297.0,511.0,7.31,62.18,0.05,1.72,1.52,20.208955223880597
carsonwentz/2555259,Carson Wentz,47.06,631.0,391.0,15.0,16.0,3871.0,49.0,165.0,6.13,61.97,0.08,3.37,1.07,26.066666666666666
casekeenum/2532888,Case Keenum,43.18,968.0,572.0,22.0,29.0,6500.0,75.0,204.0,6.71,59.09,0.08,2.72,1.32,26.0
caseyweldon/2503589,Casey Weldon,38.46,120.0,60.0,4.0,1.0,713.0,12.0,0.0,5.94,50.0,0.1,0.0,0.25,15.0
chadhenne/252,Chad Henne,39.18,2363.0,1404.0,77.0,72.0,15505.0,146.0,421.0,6.56,59.42,0.06,2.88,0.94,18.233766233766232
chadpennington/2504181,Chad Pennington,52.63,2892.0,1892.0,75.0,119.0,20618.0,206.0,569.0,7.13,65.42,0.07,2.76,1.59,25.226666666666667
chandlerharnish/2532856,Chandler Harnish,33.33,158.0,83.0,4.0,5.0,865.0,22.0,57.0,5.47,52.53,0.14,2.59,1.25,20.75
charleyjohnson/2517588,Charley Johnson,41.89,1278.0,672.0,67.0,58.0,8948.0,31.0,19.0,7.0,52.58,0.02,0.61,0.87,10.029850746268657
charliebatch/2499567,Charlie Batch,54.29,1791.0,1028.0,55.0,67.0,12506.0,186.0,665.0,6.98,57.4,0.1,3.58,1.22,18.69090909090909
chasedaniel/81284,Chase Daniel,65.91,449.0,293.0,12.0,23.0,3164.0,69.0,305.0,7.05,65.26,0.15,4.42,1.92,24.416666666666668
chrischandler/2500048,Chris Chandler,40.21,4152.0,2407.0,151.0,175.0,29475.0,386.0,1370.0,7.1,57.97,0.09,3.55,1.16,15.940397350993377
chrisredman/2504314,Chris Redman,52.73,790.0,462.0,22.0,25.0,4833.0,63.0,68.0,6.12,58.48,0.08,1.08,1.14,21.0
christianponder/2495215,Christian Ponder,40.35,1263.0,758.0,41.0,44.0,8066.0,169.0,853.0,6.39,60.02,0.13,5.05,1.07,18.48780487804878
chrisweinke/2504686,Chris Weinke,36.84,790.0,433.0,28.0,16.0,4263.0,59.0,168.0,5.4,54.81,0.07,2.85,0.57,15.464285714285714
cleolemon/2504793,Cleo Lemon,38.46,515.0,304.0,8.0,11.0,3088.0,45.0,139.0,6.0,59.03,0.09,3.09,1.38,38.0
codycarlson/2499989,Cody Carlson,60.87,692.0,386.0,29.0,23.0,4634.0,85.0,239.0,6.7,55.78,0.12,2.81,0.79,13.310344827586206
codykessler/2555387,Cody Kessler,7.69,223.0,147.0,2.0,7.0,1472.0,12.0,19.0,6.6,65.92,0.05,1.58,3.5,73.5
colinkaepernick/2495186,Colin Kaepernick,54.74,2025.0,1199.0,40.0,83.0,14642.0,457.0,3133.0,7.23,59.21,0.23,6.86,2.08,29.975
coltmccoy/497123,Colt McCoy,53.33,1137.0,709.0,34.0,42.0,7812.0,163.0,605.0,6.87,62.36,0.14,3.71,1.24,20.852941176470587
connorcook/2555332,Connor Cook,16.67,122.0,63.0,7.0,2.0,679.0,1.0,12.0,5.57,51.64,0.01,12.0,0.29,9.0
craigerickson/2500559,Craig Erickson,34.62,1092.0,591.0,38.0,41.0,7625.0,77.0,201.0,6.98,54.12,0.07,2.61,1.08,15.552631578947368
craignall/2505146,Craig Nall,55.56,146.0,82.0,2.0,9.0,1121.0,17.0,22.0,7.68,56.16,0.12,1.29,4.5,41.0
craigpenrose/2522986,Craig Penrose,72.22,117.0,55.0,12.0,5.0,711.0,7.0,21.0,6.08,47.01,0.06,3.0,0.42,4.583333333333333
craigwhelihan/2503609,Craig Whelihan,10.53,557.0,267.0,29.0,14.0,3160.0,31.0,67.0,5.67,47.94,0.06,2.16,0.48,9.206896551724139
curtispainter/81300,Curtis Painter,25.0,588.0,315.0,24.0,18.0,3579.0,33.0,99.0,6.09,53.57,0.06,3.0,0.75,13.125
dakprescott/2555260,Dak Prescott,70.0,547.0,374.0,5.0,31.0,4423.0,66.0,348.0,8.09,68.37,0.12,5.27,6.2,74.8
danfouts/2514293,Dan Fouts,49.21,5963.0,3499.0,263.0,266.0,45724.0,236.0,467.0,7.67,58.68,0.04,1.98,1.01,13.304182509505704
danmarino/2501869,Dan Marino,59.92,9075.0,5365.0,276.0,453.0,66041.0,318.0,85.0,7.28,59.12,0.04,0.27,1.64,19.43840579710145
dannykanell/2501560,Danny Kanell,37.21,951.0,487.0,33.0,31.0,5160.0,43.0,41.0,5.43,51.21,0.05,0.95,0.94,14.757575757575758
danorlovsky/2506481,Dan Orlovsky,36.92,1014.0,592.0,30.0,30.0,6517.0,36.0,48.0,6.43,58.38,0.04,1.33,1.0,19.733333333333334
danpastorini/2522826,Dan Pastorini,43.45,3183.0,1632.0,170.0,108.0,19602.0,220.0,676.0,6.16,51.27,0.07,3.07,0.64,9.6
darylelamonica/2519016,Daryle Lamonica,67.92,919.0,445.0,55.0,56.0,6387.0,28.0,60.0,6.95,48.42,0.03,2.14,1.02,8.090909090909092
davemays/2520441,Dave Mays,33.33,156.0,80.0,11.0,7.0,937.0,9.0,16.0,6.01,51.28,0.06,1.78,0.64,7.2727272727272725
davidarcher/2499447,David Archer,35.19,626.0,320.0,27.0,17.0,4161.0,130.0,671.0,6.65,51.12,0.21,5.16,0.63,11.851851851851851
davidcarr/2504804,David Carr,37.8,2683.0,1608.0,79.0,80.0,17215.0,347.0,1511.0,6.42,59.93,0.13,4.35,1.01,20.354430379746834
davidgarrard/2505101,David Garrard,49.57,2694.0,1656.0,67.0,106.0,19146.0,444.0,2121.0,7.11,61.47,0.16,4.78,1.58,24.71641791044776
davidklingler/2501636,David Klingler,15.15,718.0,389.0,22.0,16.0,3994.0,74.0,456.0,5.56,54.18,0.1,6.16,0.73,17.681818181818183
dennisshaw/2525401,Dennis Shaw,29.17,872.0,461.0,66.0,30.0,6014.0,88.0,375.0,6.9,52.87,0.1,4.26,0.45,6.984848484848484
derekanderson/2506546,Derek Anderson,49.11,2038.0,1118.0,72.0,76.0,13520.0,121.0,264.0,6.63,54.86,0.06,2.18,1.06,15.527777777777779
derekcarr/2543499,Derek Carr,47.37,1891.0,1151.0,37.0,88.0,12303.0,106.0,315.0,6.51,60.87,0.06,2.97,2.38,31.10810810810811
dominiquedavis/2532829,Dominique Davis,10.0,146.0,81.0,7.0,5.0,905.0,18.0,119.0,6.2,55.48,0.12,6.61,0.71,11.571428571428571
donmajkowski/2501847,Don Majkowski,46.67,1907.0,1060.0,69.0,68.0,12785.0,248.0,1114.0,6.7,55.58,0.13,4.49,0.99,15.36231884057971
dougflutie/2500660,Doug Flutie,51.52,2263.0,1234.0,72.0,89.0,15549.0,351.0,1706.0,6.87,54.53,0.16,4.86,1.24,17.13888888888889
dougjohnson/2503961,Doug Johnson,47.37,564.0,331.0,24.0,21.0,3907.0,46.0,87.0,6.93,58.69,0.08,1.89,0.88,13.791666666666666
dougpederson/2502434,Doug Pederson,56.36,563.0,311.0,19.0,14.0,3051.0,66.0,130.0,5.42,55.24,0.12,1.97,0.74,16.36842105263158
drewbrees/2504775,Drew Brees,54.98,9790.0,6517.0,232.0,517.0,74115.0,454.0,803.0,7.57,66.57,0.05,1.77,2.23,28.09051724137931
drewstanton/2495748,Drew Stanton,59.68,773.0,422.0,25.0,29.0,5125.0,110.0,448.0,6.63,54.59,0.14,4.07,1.16,16.88
eddhargett/2515836,Edd Hargett,17.95,337.0,153.0,9.0,10.0,2053.0,9.0,31.0,6.09,45.4,0.03,3.44,1.11,17.0
ejmanuel/2539228,EJ Manuel,42.86,766.0,455.0,18.0,28.0,4966.0,112.0,427.0,6.48,59.4,0.15,3.81,1.56,25.27777777777778
elimanning/2505996,Eli Manning,54.51,7730.0,4602.0,236.0,355.0,54112.0,314.0,577.0,7.0,59.53,0.04,1.84,1.5,19.5
ericzeier/2503851,Eric Zeier,39.29,537.0,301.0,15.0,16.0,3520.0,43.0,127.0,6.55,56.05,0.08,2.95,1.07,20.066666666666666
frankreich/2502624,Frank Reich,59.85,1036.0,575.0,39.0,47.0,6858.0,102.0,75.0,6.62,55.5,0.1,0.74,1.21,14.743589743589743
frantarkenton/2527019,Fran Tarkenton,63.85,3670.0,2166.0,144.0,165.0,25242.0,266.0,1056.0,6.88,59.02,0.07,3.97,1.15,15.041666666666666
galegilbert/2500803,Gale Gilbert,56.45,265.0,149.0,13.0,9.0,1574.0,25.0,28.0,5.94,56.23,0.09,1.12,0.69,11.461538461538462
garrettgrayson/2552371,Garrett Grayson,0.0,130.0,69.0,6.0,2.0,743.0,6.0,29.0,5.72,53.08,0.05,4.83,0.33,11.5
garydanielson/2512449,Gary Danielson,49.5,1932.0,1106.0,81.0,80.0,13725.0,188.0,872.0,7.1,57.25,0.1,4.64,0.99,13.654320987654321
garymarangi/2520112,Gary Marangi,15.79,283.0,104.0,21.0,12.0,1373.0,50.0,328.0,4.85,36.75,0.18,6.56,0.57,4.9523809523809526
genosmith/2539335,Geno Smith,38.1,968.0,563.0,41.0,31.0,6616.0,144.0,694.0,6.83,58.16,0.15,4.82,0.76,13.731707317073171
gibranhamdan/2505614,Gibran Hamdan,41.67,106.0,68.0,4.0,1.0,743.0,3.0,28.0,7.01,64.15,0.03,9.33,0.25,17.0
giffordnielsen/2522154,Gifford Nielsen,48.39,522.0,286.0,24.0,21.0,3384.0,32.0,98.0,6.48,54.79,0.06,3.06,0.88,11.916666666666666
glennfoley/2500666,Glenn Foley,42.86,382.0,207.0,16.0,12.0,2469.0,19.0,32.0,6.46,54.19,0.05,1.68,0.75,12.9375
grahamharrell/71321,Graham Harrell,61.11,189.0,108.0,4.0,5.0,1033.0,22.0,49.0,5.47,57.14,0.12,2.23,1.25,27.0
greglandry/2519027,Greg Landry,42.75,2061.0,1162.0,83.0,89.0,14689.0,375.0,2270.0,7.13,56.38,0.18,6.05,1.07,14.0
j.t.o'sullivan/2505163,J.T. O'Sullivan,50.0,499.0,290.0,22.0,17.0,3720.0,56.0,226.0,7.45,58.12,0.11,4.04,0.77,13.181818181818182
jackthompson/2527335,Jack Thompson,41.51,846.0,450.0,45.0,33.0,5329.0,70.0,262.0,6.3,53.19,0.08,3.74,0.73,10.0
jakedelhomme/2500361,Jake Delhomme,57.46,3419.0,2040.0,115.0,149.0,24614.0,204.0,376.0,7.2,59.67,0.06,1.84,1.3,17.73913043478261
jameiswinston/2552033,Jameis Winston,48.72,1205.0,712.0,36.0,56.0,8940.0,118.0,426.0,7.42,59.09,0.1,3.61,1.56,19.77777777777778
jamesharris/2515950,James Harris,60.71,1175.0,620.0,64.0,48.0,8328.0,121.0,376.0,7.09,52.77,0.1,3.11,0.75,9.6875
jamiemartin/2501888,Jamie Martin,53.85,656.0,434.0,25.0,21.0,4620.0,48.0,22.0,7.04,66.16,0.07,0.46,0.84,17.36
jaredgoff/2555334,Jared Goff,18.18,254.0,134.0,9.0,7.0,1321.0,15.0,23.0,5.2,52.76,0.06,1.53,0.78,14.88888888888889
jasoncampbell/2506364,Jason Campbell,40.98,2880.0,1737.0,67.0,95.0,19207.0,259.0,1310.0,6.67,60.31,0.09,5.06,1.42,25.925373134328357
jasongarrett/2500770,Jason Garrett,57.45,323.0,185.0,5.0,12.0,2277.0,40.0,14.0,7.05,57.28,0.12,0.35,2.4,37.0
jaycutler/2495824,Jay Cutler,49.43,4982.0,3078.0,156.0,226.0,36050.0,408.0,1858.0,7.24,61.78,0.08,4.55,1.45,19.73076923076923
jayfiedler/2500619,Jay Fiedler,61.18,1876.0,1095.0,78.0,72.0,12785.0,235.0,942.0,6.82,58.37,0.13,4.01,0.92,14.038461538461538
jayschroeder/2502859,Jay Schroeder,57.14,2966.0,1498.0,116.0,119.0,20854.0,254.0,800.0,7.03,50.51,0.09,3.15,1.03,12.913793103448276
jeffcarlson/2499990,Jeff Carlson,0.0,114.0,49.0,9.0,2.0,636.0,17.0,57.0,5.58,42.98,0.15,3.35,0.22,5.444444444444445
jeffgarcia/2500758,Jeff Garcia,45.64,4111.0,2511.0,99.0,176.0,28234.0,500.0,2277.0,6.87,61.08,0.12,4.55,1.78,25.363636363636363
jeffgeorge/2500788,Jeff George,36.57,4096.0,2369.0,116.0,163.0,28603.0,172.0,314.0,6.98,57.84,0.04,1.83,1.41,20.42241379310345
jeffkemp/2501589,Jeff Kemp,54.55,924.0,484.0,39.0,39.0,6257.0,105.0,440.0,6.77,52.38,0.11,4.19,1.0,12.41025641025641
jeffkomlo/2518712,Jeff Komlo,32.0,437.0,218.0,28.0,12.0,2603.0,38.0,121.0,5.96,49.89,0.09,3.18,0.43,7.785714285714286
jerrygolsteyn/2515026,Jerry Golsteyn,33.33,217.0,92.0,13.0,2.0,1077.0,10.0,-4.0,4.96,42.4,0.05,-0.4,0.15,7.076923076923077
jerryrhome/2524041,Jerry Rhome,40.0,149.0,71.0,9.0,3.0,830.0,8.0,25.0,5.57,47.65,0.05,3.12,0.33,7.888888888888889
jerrytagge/2526982,Jerry Tagge,50.0,281.0,136.0,17.0,3.0,1583.0,41.0,117.0,5.63,48.4,0.15,2.85,0.18,8.0
jessepalmer/2504732,Jesse Palmer,38.46,201.0,110.0,6.0,5.0,1213.0,11.0,41.0,6.03,54.73,0.05,3.73,0.83,18.333333333333332
jimeverett/2500577,Jim Everett,40.85,5117.0,2941.0,186.0,210.0,36095.0,270.0,642.0,7.05,57.48,0.05,2.38,1.13,15.811827956989248
jimharbaugh/2501019,Jim Harbaugh,46.99,4106.0,2400.0,125.0,136.0,27338.0,594.0,2919.0,6.66,58.45,0.14,4.91,1.09,19.2
jimhart/2516025,Jim Hart,45.83,4246.0,2197.0,194.0,170.0,28700.0,115.0,139.0,6.76,51.74,0.03,1.21,0.88,11.324742268041238
jimkelly/2501579,Jim Kelly,62.57,5353.0,3215.0,204.0,261.0,39608.0,353.0,1217.0,7.4,60.06,0.07,3.45,1.28,15.759803921568627
jimmygaroppolo/2543801,Jimmy Garoppolo,78.57,307.0,206.0,3.0,13.0,2268.0,41.0,50.0,7.39,67.1,0.13,1.22,4.33,68.66666666666667
jimzorn/2529688,Jim Zorn,46.9,3177.0,1683.0,143.0,113.0,21249.0,323.0,1506.0,6.69,52.97,0.1,4.66,0.79,11.76923076923077
joeferguson/2513953,Joe Ferguson,43.68,4639.0,2427.0,218.0,202.0,30631.0,356.0,1216.0,6.6,52.32,0.08,3.42,0.93,11.13302752293578
joeflacco/382,Joe Flacco,62.01,5625.0,3444.0,136.0,222.0,38849.0,371.0,854.0,6.91,61.23,0.07,2.3,1.63,25.323529411764707
joegilliam/2514891,Joe Gilliam,75.0,283.0,116.0,15.0,8.0,1755.0,19.0,55.0,6.2,40.99,0.07,2.89,0.53,7.733333333333333
joekapp/2518137,Joe Kapp,9.09,219.0,98.0,17.0,3.0,1104.0,20.0,71.0,5.04,44.75,0.09,3.55,0.18,5.764705882352941
joenamath/2521943,Joe Namath,36.62,1719.0,860.0,116.0,76.0,12176.0,35.0,21.0,7.08,50.03,0.02,0.6,0.66,7.413793103448276
joepisarcik/2523269,Joe Pisarcik,47.54,898.0,425.0,48.0,24.0,5552.0,65.0,147.0,6.18,47.33,0.07,2.26,0.5,8.854166666666666
joereed/2523867,Joe Reed,44.0,513.0,225.0,31.0,18.0,2825.0,84.0,484.0,5.51,43.86,0.16,5.76,0.58,7.258064516129032
joetheismann/2527196,Joe Theismann,62.57,3858.0,2203.0,145.0,174.0,27332.0,377.0,1938.0,7.08,57.1,0.1,5.14,1.2,15.193103448275862
joewebb/1037347,Joe Webb,48.08,455.0,257.0,9.0,15.0,2926.0,105.0,781.0,6.43,56.48,0.23,7.44,1.67,28.555555555555557
joeyharrington/2505011,Joey Harrington,35.35,2801.0,1575.0,91.0,88.0,16376.0,156.0,434.0,5.85,56.23,0.06,2.78,0.97,17.307692307692307
johnbeck/2507171,John Beck,48.15,439.0,256.0,12.0,9.0,2905.0,46.0,99.0,6.62,58.31,0.1,2.15,0.75,21.333333333333332
johnelway/2500547,John Elway,63.95,7878.0,4460.0,246.0,329.0,56285.0,863.0,3835.0,7.14,56.61,0.11,4.44,1.34,18.130081300813007
johnfourcade/2514290,John Fourcade,52.0,331.0,164.0,17.0,14.0,2391.0,50.0,315.0,7.22,49.55,0.15,6.3,0.82,9.647058823529411
johnhadl/2515554,John Hadl,46.85,2155.0,1111.0,121.0,96.0,14156.0,122.0,393.0,6.57,51.55,0.06,3.22,0.79,9.181818181818182
johnnavarre/2506020,John Navarre,20.0,106.0,54.0,8.0,2.0,473.0,1.0,1.0,4.46,50.94,0.01,1.0,0.25,6.75
johnnymanziel/2543462,Johnny Manziel,20.0,346.0,194.0,7.0,10.0,2131.0,63.0,380.0,6.16,56.07,0.18,6.03,1.43,27.714285714285715
johnnyunitas/2527792,Johnny Unitas,61.36,814.0,418.0,45.0,27.0,5361.0,27.0,72.0,6.59,51.35,0.03,2.67,0.6,9.28888888888889
johnreaves/2523820,John Reaves,39.22,616.0,286.0,34.0,17.0,3617.0,44.0,195.0,5.87,46.43,0.07,4.43,0.5,8.411764705882353
jonathanquinn/2502570,Jonathan Quinn,57.14,249.0,133.0,9.0,5.0,1279.0,27.0,157.0,5.14,53.41,0.11,5.81,0.56,14.777777777777779
jonkitna/2501630,Jon Kitna,42.17,4744.0,2857.0,175.0,179.0,31868.0,332.0,1030.0,6.72,60.22,0.07,3.1,1.02,16.325714285714287
jordanpalmer/2507237,Jordan Palmer,44.44,237.0,131.0,15.0,9.0,1373.0,20.0,74.0,5.79,55.27,0.08,3.7,0.6,8.733333333333333
joshmccown/2505076,Josh McCown,27.59,2468.0,1461.0,79.0,87.0,16249.0,251.0,1122.0,6.58,59.2,0.1,4.47,1.1,18.49367088607595
keithnull/238471,Keith Null,50.0,188.0,108.0,11.0,5.0,931.0,12.0,-6.0,4.95,57.45,0.06,-0.5,0.45,9.818181818181818
kellenclemens/2506895,Kellen Clemens,47.06,1073.0,606.0,33.0,30.0,6876.0,122.0,368.0,6.41,56.48,0.11,3.02,0.91,18.363636363636363
kellenmoore/2532917,Kellen Moore,57.89,328.0,196.0,10.0,13.0,2129.0,18.0,9.0,6.49,59.76,0.05,0.5,1.3,19.6
kenanderson/2508498,Ken Anderson,52.24,4683.0,2789.0,168.0,208.0,34451.0,422.0,2355.0,7.36,59.56,0.09,5.58,1.24,16.601190476190474
kenkarcher/2518144,Ken Karcher,50.0,114.0,62.0,4.0,6.0,756.0,9.0,3.0,6.63,54.39,0.08,0.33,1.5,15.5
keno'brien/2502323,Ken O'Brien,44.36,3645.0,2139.0,102.0,131.0,25409.0,182.0,427.0,6.97,58.68,0.05,2.35,1.28,20.970588235294116
kentnix/2522175,Kent Nix,23.81,201.0,84.0,16.0,9.0,1047.0,12.0,15.0,5.21,41.79,0.06,1.25,0.56,5.25
kevinkolb/2507169,Kevin Kolb,52.63,1135.0,673.0,31.0,35.0,7529.0,93.0,363.0,6.63,59.3,0.08,3.9,1.13,21.70967741935484
kirkcousins/2532820,Kirk Cousins,51.61,1830.0,1199.0,47.0,86.0,14136.0,91.0,241.0,7.72,65.52,0.05,2.65,1.83,25.51063829787234
koydetmer/2500378,Koy Detmer,61.29,416.0,216.0,17.0,10.0,2220.0,34.0,48.0,5.34,51.92,0.08,1.41,0.59,12.705882352941176
kurtkittner/2505140,Kurt Kittner,50.0,119.0,47.0,6.0,3.0,433.0,14.0,11.0,3.64,39.5,0.12,0.79,0.5,7.833333333333333
kurtwarner/2503540,Kurt Warner,54.09,4733.0,3099.0,147.0,245.0,37899.0,204.0,315.0,8.01,65.48,0.04,1.54,1.67,21.081632653061224
kylemackey/2519921,Kyle Mackey,14.29,134.0,68.0,6.0,3.0,729.0,19.0,101.0,5.44,50.75,0.14,5.32,0.5,11.333333333333334
kyleorton/2506444,Kyle Orton,49.14,3055.0,1835.0,83.0,113.0,20421.0,134.0,295.0,6.68,60.07,0.04,2.2,1.36,22.10843373493976
landryjones/2539287,Landry Jones,45.16,435.0,250.0,17.0,15.0,2779.0,19.0,-3.0,6.39,57.47,0.04,-0.16,0.88,14.705882352941176
lendawson/2512662,Len Dawson,53.42,1319.0,772.0,59.0,55.0,9475.0,54.0,206.0,7.18,58.53,0.04,3.81,0.93,13.084745762711865
lukemccown/2506053,Luke McCown,45.0,765.0,479.0,22.0,35.0,5190.0,73.0,388.0,6.78,62.61,0.1,5.32,1.59,21.772727272727273
lynndickey/2512900,Lynn Dickey,43.71,3079.0,1726.0,176.0,144.0,23201.0,138.0,105.0,7.54,56.06,0.04,0.76,0.82,9.806818181818182
marcusmariota/2552466,Marcus Mariota,44.12,882.0,550.0,21.0,47.0,6889.0,104.0,651.0,7.81,62.36,0.12,6.26,2.24,26.19047619047619
markmalone/2520038,Mark Malone,39.47,1719.0,879.0,84.0,64.0,10733.0,164.0,622.0,6.24,51.13,0.1,3.79,0.76,10.464285714285714
markvlasic/2503477,Mark Vlasic,62.5,162.0,84.0,9.0,5.0,886.0,4.0,-1.0,5.47,51.85,0.02,-0.25,0.56,9.333333333333334
mattcassel/2506562,Matt Cassel,46.31,3101.0,1837.0,94.0,118.0,20463.0,316.0,1247.0,6.6,59.24,0.1,3.95,1.26,19.54255319148936
mattcavanaugh/2500034,Matt Cavanaugh,56.03,570.0,302.0,29.0,28.0,4263.0,60.0,212.0,7.48,52.98,0.11,3.53,0.97,10.413793103448276
mattflynn/367,Matt Flynn,65.38,650.0,399.0,19.0,31.0,4459.0,96.0,195.0,6.86,61.38,0.15,2.03,1.63,21.0
matthasselbeck/2501078,Matt Hasselbeck,52.31,6156.0,3721.0,178.0,242.0,42056.0,406.0,1427.0,6.83,60.45,0.07,3.51,1.36,20.90449438202247
matthewstafford/79860,Matthew Stafford,50.7,4754.0,2934.0,122.0,211.0,34112.0,264.0,910.0,7.18,61.72,0.06,3.45,1.73,24.049180327868854
mattkofler/2518686,Matt Kofler,31.71,202.0,91.0,11.0,7.0,1156.0,20.0,159.0,5.72,45.05,0.1,7.95,0.64,8.272727272727273
mattleinart/2506878,Matt Leinart,40.98,980.0,573.0,30.0,26.0,6355.0,67.0,157.0,6.48,58.47,0.07,2.34,0.87,19.1
mattmcgloin/2542065,Matt McGloin,31.03,473.0,280.0,17.0,23.0,3193.0,22.0,50.0,6.75,59.2,0.05,2.27,1.35,16.470588235294116
mattmoore/2507282,Matt Moore,47.44,1318.0,774.0,46.0,51.0,9022.0,87.0,106.0,6.85,58.73,0.07,1.22,1.11,16.82608695652174
mattryan/310,Matt Ryan,55.74,5780.0,3751.0,127.0,278.0,42971.0,351.0,983.0,7.43,64.9,0.06,2.8,2.19,29.53543307086614
mattschaub/2505982,Matt Schaub,49.73,3863.0,2489.0,103.0,153.0,29310.0,213.0,412.0,7.59,64.43,0.06,1.93,1.49,24.16504854368932
mattsimms/2534889,Matt Simms,47.06,238.0,148.0,4.0,5.0,1646.0,36.0,152.0,6.92,62.18,0.15,4.22,1.25,37.0
maxhall/497112,Max Hall,36.36,113.0,61.0,7.0,3.0,734.0,8.0,10.0,6.5,53.98,0.07,1.25,0.43,8.714285714285714
mikeglennon/2539275,Mike Glennon,32.43,852.0,489.0,21.0,37.0,5415.0,42.0,81.0,6.36,57.39,0.05,1.93,1.76,23.285714285714285
mikekafka/497117,Mike Kafka,54.55,204.0,108.0,9.0,7.0,1071.0,32.0,126.0,5.25,52.94,0.16,3.94,0.78,12.0
mikepagel/2522660,Mike Pagel,34.81,1495.0,750.0,64.0,50.0,9382.0,132.0,799.0,6.28,50.17,0.09,6.05,0.78,11.71875
mikephipps/2523199,Mike Phipps,50.83,1810.0,888.0,112.0,55.0,10543.0,258.0,1305.0,5.82,49.06,0.14,5.06,0.49,7.928571428571429
mikerae/2523687,Mike Rae,58.06,262.0,126.0,14.0,12.0,1578.0,47.0,309.0,6.02,48.09,0.18,6.57,0.86,9.0
miketaliaferro/2526999,Mike Taliaferro,18.75,206.0,94.0,15.0,5.0,1047.0,8.0,30.0,5.08,45.63,0.04,3.75,0.33,6.266666666666667
miketomczak/2503373,Mike Tomczak,58.67,2480.0,1322.0,115.0,90.0,16963.0,207.0,555.0,6.84,53.31,0.08,2.68,0.78,11.495652173913044
mikevick/2504531,Mike Vick,53.07,3625.0,2044.0,106.0,149.0,25224.0,974.0,6809.0,6.96,56.39,0.27,6.99,1.41,19.28301886792453
neilo'donnell/2502324,Neil O'Donnell,56.52,3540.0,2044.0,78.0,129.0,23613.0,228.0,471.0,6.67,57.74,0.06,2.07,1.65,26.205128205128204
nickfoles/2532842,Nick Foles,51.61,1542.0,948.0,35.0,68.0,11126.0,117.0,394.0,7.22,61.48,0.08,3.37,1.94,27.085714285714285
norrisweese/2528452,Norris Weese,66.13,277.0,155.0,14.0,7.0,2027.0,76.0,431.0,7.32,55.96,0.27,5.67,0.5,11.071428571428571
patdevlin/2530762,Pat Devlin,40.0,136.0,81.0,4.0,4.0,800.0,8.0,38.0,5.88,59.56,0.06,4.75,1.0,20.25
pathaden/2515552,Pat Haden,61.43,1484.0,786.0,72.0,57.0,10006.0,137.0,680.0,6.74,52.96,0.09,4.96,0.79,10.916666666666666
patrickramsey/2505223,Patrick Ramsey,43.1,1123.0,633.0,37.0,44.0,7322.0,56.0,100.0,6.52,56.37,0.05,1.79,1.19,17.10810810810811
paxtonlynch/2555316,Paxton Lynch,57.14,151.0,89.0,3.0,6.0,955.0,24.0,56.0,6.32,58.94,0.16,2.33,2.0,29.666666666666668
petebeathard/2509249,Pete Beathard,47.06,247.0,107.0,20.0,11.0,1675.0,10.0,45.0,6.78,43.32,0.04,4.5,0.55,5.35
peteliske/2519570,Pete Liske,36.11,593.0,298.0,31.0,20.0,3858.0,24.0,81.0,6.51,50.25,0.04,3.38,0.65,9.612903225806452
peytonmanning/2501863,Peyton Manning,64.95,11003.0,7160.0,294.0,614.0,83842.0,472.0,706.0,7.62,65.07,0.04,1.5,2.09,24.35374149659864
philiprivers/2506121,Philip Rivers,54.05,6606.0,4254.0,180.0,344.0,51342.0,342.0,620.0,7.77,64.4,0.05,1.81,1.91,23.633333333333333
quincycarter/2504658,Quincy Carter,55.81,1056.0,601.0,38.0,33.0,6874.0,161.0,602.0,6.51,56.91,0.15,3.74,0.87,15.81578947368421
randyjohnson/2517740,Randy Johnson,27.27,454.0,252.0,33.0,19.0,3234.0,33.0,135.0,7.12,55.51,0.07,4.09,0.58,7.636363636363637
richardbartel/2507299,Richard Bartel,31.58,243.0,159.0,6.0,9.0,1819.0,18.0,35.0,7.49,65.43,0.07,1.94,1.5,26.5
richardtodd/2527483,Richard Todd,41.8,3068.0,1660.0,172.0,124.0,21326.0,270.0,958.0,6.95,54.11,0.09,3.55,0.72,9.651162790697674
richgannon/2500754,Rich Gannon,56.57,4537.0,2746.0,115.0,198.0,31058.0,555.0,2566.0,6.85,60.52,0.12,4.62,1.72,23.878260869565217
rickarrington/2508672,Rick Arrington,25.0,192.0,93.0,8.0,3.0,921.0,10.0,58.0,4.8,48.44,0.05,5.8,0.38,11.625
robertgriffiniii/2533033,Robert Griffin III,38.18,1331.0,837.0,30.0,49.0,9758.0,298.0,1783.0,7.33,62.89,0.22,5.98,1.63,27.9
robjohnson/2501452,Rob Johnson,48.15,864.0,524.0,23.0,32.0,6139.0,148.0,906.0,7.11,60.65,0.17,6.12,1.39,22.782608695652176
rodneypeete/2502436,Rodney Peete,53.15,2397.0,1373.0,92.0,79.0,16704.0,274.0,1157.0,6.97,57.28,0.11,4.22,0.86,14.923913043478262
romangabriel/2514517,Roman Gabriel,43.48,2188.0,1171.0,69.0,91.0,13507.0,98.0,307.0,6.17,53.52,0.04,3.13,1.32,16.971014492753625
ronjaworski/2517443,Ron Jaworski,52.79,4349.0,2293.0,172.0,188.0,29605.0,279.0,909.0,6.81,52.72,0.06,3.26,1.09,13.331395348837209
rudycarpenter/81280,Rudy Carpenter,56.25,142.0,79.0,1.0,7.0,1030.0,18.0,78.0,7.25,55.63,0.13,4.33,7.0,79.0
russellwilson/2532975,Russell Wilson,70.18,2855.0,1839.0,60.0,166.0,23084.0,581.0,3348.0,8.09,64.41,0.2,5.76,2.77,30.65
rustylisch/2519566,Rusty Lisch,45.16,115.0,55.0,11.0,1.0,547.0,20.0,130.0,4.76,47.83,0.17,6.5,0.09,5.0
ryanfitzpatrick/2506581,Ryan Fitzpatrick,39.76,4314.0,2590.0,141.0,185.0,28627.0,480.0,2272.0,6.64,60.04,0.11,4.73,1.31,18.368794326241133
ryangriffin/2541185,Ryan Griffin,50.0,251.0,147.0,7.0,7.0,1603.0,18.0,-1.0,6.39,58.57,0.07,-0.06,1.0,21.0
ryanleaf/2501708,Ryan Leaf,16.0,655.0,317.0,36.0,14.0,3666.0,59.0,127.0,5.6,48.4,0.09,2.15,0.39,8.805555555555555
ryanlindley/2532894,Ryan Lindley,31.82,500.0,261.0,17.0,7.0,2679.0,11.0,9.0,5.36,52.2,0.02,0.82,0.41,15.352941176470589
ryanmallett/2495443,Ryan Mallett,61.9,648.0,365.0,14.0,19.0,3549.0,47.0,47.0,5.48,56.33,0.07,1.0,1.36,26.071428571428573
ryannassib/2539961,Ryan Nassib,57.14,281.0,145.0,3.0,11.0,1820.0,28.0,68.0,6.48,51.6,0.1,2.43,3.67,48.333333333333336
ryantannehill/2532956,Ryan Tannehill,45.74,2906.0,1823.0,69.0,116.0,20165.0,232.0,1163.0,6.94,62.73,0.08,5.01,1.68,26.420289855072465
scottcampbell/2510992,Scott Campbell,31.11,454.0,224.0,25.0,19.0,2983.0,43.0,170.0,6.57,49.34,0.09,3.95,0.76,8.96
scottsecules/2502888,Scott Secules,52.54,204.0,108.0,14.0,4.0,1311.0,24.0,136.0,6.43,52.94,0.12,5.67,0.29,7.714285714285714
scotttolzien/2495425,Scott Tolzien,51.72,400.0,247.0,13.0,10.0,2709.0,34.0,122.0,6.77,61.75,0.08,3.59,0.77,19.0
scottzolak/2503861,Scott Zolak,51.72,294.0,146.0,8.0,8.0,1507.0,41.0,77.0,5.13,49.66,0.14,1.88,1.0,18.25
seancanfield/497104,Sean Canfield,50.0,122.0,81.0,5.0,1.0,746.0,14.0,-3.0,6.11,66.39,0.11,-0.21,0.2,16.2
seanmannion/2552576,Sean Mannion,11.11,130.0,79.0,3.0,5.0,675.0,6.0,1.0,5.19,60.77,0.05,0.17,1.67,26.333333333333332
seansalisbury/2502809,Sean Salisbury,54.55,621.0,332.0,22.0,19.0,4058.0,31.0,15.0,6.53,53.46,0.05,0.48,0.86,15.090909090909092
senecawallace/2505562,Seneca Wallace,42.55,1101.0,656.0,27.0,46.0,7102.0,103.0,474.0,6.45,59.58,0.09,4.6,1.7,24.296296296296298
shanematthews/2501913,Shane Matthews,52.78,928.0,547.0,31.0,37.0,5355.0,45.0,107.0,5.77,58.94,0.05,2.38,1.19,17.64516129032258
shaunhill/2504833,Shaun Hill,58.89,1614.0,992.0,41.0,63.0,10772.0,125.0,504.0,6.67,61.46,0.08,4.03,1.54,24.195121951219512
shaunking/2501619,Shaun King,58.54,879.0,488.0,30.0,29.0,5323.0,127.0,492.0,6.06,55.52,0.14,3.87,0.97,16.266666666666666
stangelbaugh/2500785,Stan Gelbaugh,20.0,391.0,192.0,22.0,10.0,2100.0,28.0,108.0,5.37,49.1,0.07,3.86,0.45,8.727272727272727
stephenmorris/2550376,Stephen Morris,50.0,128.0,78.0,2.0,5.0,893.0,18.0,69.0,6.98,60.94,0.14,3.83,2.5,39.0
stevebartkowski/2509103,Steve Bartkowski,45.11,3567.0,1985.0,152.0,161.0,24916.0,180.0,242.0,6.99,55.65,0.05,1.34,1.06,13.05921052631579
stevedeberg/2500356,Steve DeBerg,37.98,5022.0,2885.0,203.0,197.0,34231.0,204.0,181.0,6.82,57.45,0.04,0.89,0.97,14.211822660098521
stevedils/2512939,Steve Dils,51.35,972.0,504.0,32.0,27.0,5816.0,45.0,71.0,5.98,51.85,0.05,1.58,0.84,15.75
stevepelluer/2502440,Steve Pelluer,43.08,970.0,546.0,39.0,29.0,6854.0,141.0,840.0,7.07,56.29,0.15,5.96,0.74,14.0
stevepisarkiewicz/2523270,Steve Pisarkiewicz,30.0,143.0,64.0,7.0,3.0,804.0,16.0,19.0,5.62,44.76,0.11,1.19,0.43,9.142857142857142
steveramsey/2523725,Steve Ramsey,45.28,909.0,450.0,57.0,33.0,6375.0,33.0,108.0,7.01,49.5,0.04,3.27,0.58,7.894736842105263
stevewalsh/2503524,Steve Walsh,52.33,1376.0,745.0,54.0,42.0,8248.0,87.0,52.0,5.99,54.14,0.06,0.6,0.78,13.796296296296296
steveyoung/2503843,Steve Young,68.02,4721.0,3007.0,123.0,256.0,37064.0,827.0,4894.0,7.85,63.69,0.18,5.92,2.08,24.447154471544714
stoneycase/2500026,Stoney Case,35.0,318.0,163.0,15.0,4.0,1826.0,60.0,270.0,5.74,51.26,0.19,4.5,0.27,10.866666666666667
t.j.yates/2508123,T.J. Yates,51.28,501.0,290.0,16.0,13.0,3474.0,41.0,78.0,6.93,57.88,0.08,1.9,0.81,18.125
tarvarisjackson/2495863,Tarvaris Jackson,61.29,1389.0,821.0,39.0,50.0,9232.0,206.0,836.0,6.65,59.11,0.15,4.06,1.28,21.05128205128205
teddybridgewater/2543465,Teddy Bridgewater,68.29,988.0,651.0,22.0,38.0,7256.0,102.0,443.0,7.34,65.89,0.1,4.34,1.73,29.59090909090909
terryhanratty/2515763,Terry Hanratty,55.56,315.0,118.0,22.0,16.0,1851.0,11.0,-7.0,5.88,37.46,0.03,-0.64,0.73,5.363636363636363
thadlewis/497121,Thad Lewis,48.15,371.0,229.0,10.0,8.0,2579.0,62.0,241.0,6.95,61.73,0.17,3.89,0.8,22.9
timhasselbeck/2504361,Tim Hasselbeck,52.17,240.0,134.0,9.0,7.0,1419.0,32.0,81.0,5.91,55.83,0.13,2.53,0.78,14.88888888888889
timrattay/2504237,Tim Rattay,40.38,861.0,526.0,27.0,34.0,5857.0,59.0,109.0,6.8,61.09,0.07,1.85,1.26,19.48148148148148
timtebow/497135,Tim Tebow,44.44,580.0,282.0,16.0,26.0,4110.0,267.0,1395.0,7.09,48.62,0.46,5.22,1.62,17.625
toddmarinovich/2520146,Todd Marinovich,33.33,228.0,116.0,13.0,8.0,1485.0,12.0,44.0,6.51,50.88,0.05,3.67,0.62,8.923076923076923
toddphilcox/2502469,Todd Philcox,33.33,173.0,85.0,11.0,7.0,1138.0,4.0,5.0,6.58,49.13,0.02,1.25,0.64,7.7272727272727275
tombrady/2504211,Tom Brady,74.18,10031.0,6385.0,199.0,546.0,74288.0,633.0,1107.0,7.41,63.65,0.06,1.75,2.74,32.085427135678394
tomflick/2514150,Tom Flick,38.1,106.0,47.0,10.0,2.0,506.0,6.0,5.0,4.77,44.34,0.06,0.83,0.2,4.7
tommymaddox/2501842,Tommy Maddox,46.46,1325.0,761.0,57.0,55.0,9051.0,71.0,136.0,6.83,57.43,0.05,1.92,0.96,13.350877192982455
tomowen/2522607,Tom Owen,44.44,371.0,182.0,27.0,15.0,2444.0,19.0,36.0,6.59,49.06,0.05,1.89,0.56,6.7407407407407405
tomramsey/2523726,Tom Ramsey,57.14,214.0,108.0,10.0,7.0,1285.0,21.0,82.0,6.0,50.47,0.1,3.9,0.7,10.8
tomsavage/2543640,Tom Savage,64.71,257.0,158.0,3.0,9.0,1616.0,24.0,31.0,6.29,61.48,0.09,1.29,3.0,52.666666666666664
tonyadams/2508191,Tony Adams,24.53,408.0,212.0,27.0,12.0,2733.0,38.0,155.0,6.7,51.96,0.09,4.08,0.44,7.851851851851852
tonybanks/2499522,Tony Banks,45.0,2369.0,1282.0,73.0,77.0,15371.0,248.0,880.0,6.49,54.12,0.1,3.55,1.05,17.561643835616437
tonyeason/2513415,Tony Eason,54.74,1636.0,953.0,51.0,68.0,11703.0,148.0,529.0,7.15,58.25,0.09,3.57,1.33,18.686274509803923
trentdilfer/2500392,Trent Dilfer,50.0,3386.0,1871.0,134.0,122.0,22044.0,265.0,878.0,6.51,55.26,0.08,3.31,0.91,13.962686567164178
trentedwards/2507189,Trent Edwards,39.34,1221.0,759.0,36.0,36.0,8024.0,111.0,479.0,6.57,62.16,0.09,4.32,1.0,21.083333333333332
trevorsiemian/2553457,Trevor Siemian,57.14,569.0,339.0,13.0,21.0,3969.0,29.0,56.0,6.98,59.58,0.05,1.93,1.62,26.076923076923077
troyaikman/2499369,Troy Aikman,58.7,5249.0,3235.0,159.0,189.0,36961.0,360.0,1103.0,7.04,61.63,0.07,3.06,1.19,20.345911949685533
turkschonert/2525100,Turk Schonert,53.95,505.0,311.0,20.0,11.0,3788.0,73.0,288.0,7.5,61.58,0.14,3.95,0.55,15.55
tydetmer/2500379,Ty Detmer,49.15,969.0,562.0,37.0,34.0,6527.0,72.0,177.0,6.74,58.0,0.07,2.46,0.92,15.18918918918919
tylerpalko/2507140,Tyler Palko,20.0,383.0,216.0,19.0,7.0,2254.0,37.0,200.0,5.89,56.4,0.1,5.41,0.37,11.368421052631579
tylerthigpen/2507244,Tyler Thigpen,23.53,800.0,419.0,32.0,29.0,4691.0,122.0,645.0,5.86,52.38,0.15,5.29,0.91,13.09375
tyrodtaylor/2495240,Tyrod Taylor,61.19,1126.0,698.0,25.0,49.0,8105.0,299.0,1867.0,7.2,61.99,0.27,6.24,1.96,27.92
vinceevans/2500575,Vince Evans,42.57,1398.0,706.0,75.0,52.0,9511.0,216.0,1162.0,6.8,50.5,0.15,5.38,0.69,9.413333333333334
vinceferragamo/2513967,Vince Ferragamo,48.78,1803.0,994.0,102.0,84.0,12563.0,67.0,72.0,6.97,55.13,0.04,1.07,0.82,9.745098039215685
vinceyoung/2506875,Vince Young,53.76,1774.0,1010.0,63.0,55.0,11750.0,352.0,1900.0,6.62,56.93,0.2,5.4,0.87,16.03174603174603
vinnytestaverde/2503284,Vinny Testaverde,44.13,6944.0,3936.0,275.0,282.0,48013.0,440.0,1644.0,6.91,56.68,0.06,3.74,1.03,14.312727272727273
virgilcarter/2511213,Virgil Carter,46.51,612.0,341.0,22.0,23.0,4015.0,59.0,372.0,6.56,55.72,0.1,6.31,1.05,15.5
